<<<<<<< HEAD
10,236
10,228
10,220
10,136
10,164
10,271
10,22
10,2
10,3
11,29
11,8
11,20
11,10
9,5
8,16
8,9
8,8
8,4
8,5
20,3
20,2
20,1
=======
3,2
3,1
3,3
10,19
10,154
10,69
10,183
10,168
10,79
10,193
10,242
11,17
11,6
11,19
9,5
9,7
9,2
9,3
8,10
8,12
8,5
8,2
8,3
44,4
44,3
44,1
20,3
20,2
20,1
19,3
19,2
19,1
>>>>>>> feature_seb
17,3
17,2
17,1
16,3
18,1
16,2
18,3
16,1
19,2
15,3
19,1
15,2
19,3
15,1
14,2
13,2
12,3
12,2
12,1
14,1
11,30
14,3
11,29
11,28
11,27
11,26
13,1
13,3
11,25
11,24
11,23
11,22
<<<<<<< HEAD
11,21
11,19
11,17
11,14
11,12
11,9
11,5
11,4
11,3
11,2
11,1
10,307
10,275
10,260
10,252
10,227
10,223
10,202
10,176
10,169
10,165
18,1
10,155
18,3
10,144
10,139
10,135
14,1
=======
11,18
11,15
11,14
11,10
11,1
11,7
11,3
11,2
10,293
10,270
10,253
>>>>>>> feature_seb
